8.983367919921875
3.2166643142700195
3.3333308696746826
12.083320617675781
3.2166643142700195
8.916702270507812
3.2333309650421143
13.516632080078125
3.2666642665863037
3.249997615814209
3.2166643142700195
13.366634368896484
3.199997663497925
3.2166643142700195
3.249997615814209
3.2166643142700195
3.249997615814209
3.2333309650421143
3.249997615814209
3.2333309650421143
3.2333309650421143
3.249997615814209
3.2333309650421143
2.1333320140838623
2.26666522026062
2.1333320140838623
2.1333320140838623
2.1333320140838623
2.1333320140838623
2.1333320140838623
7.416708946228027
2.1333320140838623
2.149998664855957
2.1333320140838623
2.1333320140838623
2.1333320140838623
2.1333320140838623
2.1333320140838623
2.1333320140838623
2.1333320140838623
2.1333320140838623
2.1333320140838623
2.1333320140838623
2.1333320140838623
2.1333320140838623
16.01659393310547
18.499889373779297
